results(:,1) = [1.0, 1.0, 1.0, 0.5, 0.5, 0.5, 1.0, 1.0, 0.5, 0.5, 0.5, 1.0, 1.0, 0.5, 1.0, 0.5, 0.5, 0.5, 0.5, 1.0, 0.5, 1.0, 1.0, 0.5, 1.0, 1.0, 0.5, 0.5, 0.5, 0.5, 0.5, 1.0, 0.5, 0.5, 0.5, 0.5, 0.5, 0.5, 0.0, 0.5, 0.5, 1.0, 0.5, 0.5, 0.0, 1.0, 0.5, 0.5, 1.0, 0.5, 0.5, 0.5, 0.5, 1.0, 0.5, 0.5, 0.5, 1.0, 0.5, 0.5, 0.5, 1.0, 0.5, 0.5, 0.5, 0.5, 1.0, 0.5, 0.5, 0.5, 1.0, 0.5, 0.0, 0.5, 0.5, 0.0, 1.0, 1.0, 0.5, 0.0, 1.0, 0.5, 1.0, 0.5, 0.5, 0.5, 0.0, 0.5, 0.5, 1.0, 0.5, 1.0, 1.0, 0.0, 0.5, 0.5, 0.5, 1.0, 0.5, 0.5, 0.0, 1.0, 0.5, 0.0, 1.0, 1.0, 1.0, 0.5, 1.0, 0.5, 0.5, 0.5, 0.5, 0.5, 0.5, 0.5, 0.5, 0.5, 1.0, 0.0, 0.5, 1.0, 0.5, 0.0, 1.0, 0.5, 1.0, 0.5, 1.0, 0.5, 0.5, 1.0, 1.0, 0.5, 0.5, 0.5, 1.0, 0.5, 1.0, 0.5, 1.0, 0.5, 0.5, 0.5, 0.5, 0.5, 1.0, 1.0, 0.5, 1.0, 0.5, 0.5, 0.5, 1.0, 1.0, 1.0, 1.0, 0.5, 1.0, 0.5, 0.0, 0.5, 0.5, 1.0, 0.5, 1.0, 1.0, 0.5, 0.5, 0.5, 1.0, 0.5, 0.5, 1.0, 0.5, 0.5, 0.5, 0.5, 0.5, 1.0, 0.0, 0.5, 1.0, 0.5, 0.5, 0.5, 0.5, 0.5, 0.5, 0.5, 0.5, 0.5, 0.5, 0.5, 0.5, 1.0, 0.5, 0.5, 1.0, 0.5, 0.5, 1.0, 0.5, 0.5, 1.0, 0.5, 0.5, 0.5, 0.5, 0.0, 0.5, 1.0, 0.5, 0.0, 0.5, 1.0, 0.5, 0.5, 0.5, 0.5, 1.0, 0.5, 0.5, 0.5, 1.0, 0.5, 1.0, 1.0, 0.5, 0.5, 0.0, 0.5, 0.5, 0.5, 0.5, 0.5, 0.0, 0.5, 0.5, 0.5, 1.0, 1.0, 0.5, 1.0, 1.0, 0.5, 1.0, 0.5, 0.5, 0.5, 1.0, 0.5, 0.5, 1.0, 0.5, 0.5, 0.5, 0.0, 0.5, 0.5, 0.5, 0.5, 0.0, 0.5, 0.0, 0.5, 1.0, 0.5, 0.5, 0.0, 0.0, 0.0, 1.0, 0.0, 1.0, 0.0, 0.0, 0.5, 0.5, 0.5, 0.5, 0.0, 0.5, 0.5, 0.0, 0.0, 0.5, 0.0, 0.5, 0.5, 0.5, 0.0, 0.5, 0.5, 0.5, 0.0, 1.0, 0.5, 0.5, 0.5, 0.0, 0.5, 0.0, 0.0, 0.0, 0.5, 1.0, 0.5, 0.5, 0.5, 0.0, 0.0, 0.0, 0.5, 0.5, 0.5, 0.0, 0.0, 0.0, 1.0, 0.5, 0.5, 1.0, 0.5, 0.5, 0.5, 0.5, 0.5, 0.5, 0.5, 0.5, 0.5, 0.5, 1.0, 0.5, 0.5, 0.5, 0.5, 0.0, 0.5, 0.5, 0.5, 1.0, 0.0, 0.5, 0.0, 0.5, 0.0, 0.5, 0.5, 0.0, 0.0, 0.5, 0.5, 0.5, 0.5, 1.0, 0.5, 0.5, 0.0, 0.5, 0.0, 0.5, 0.0, 0.5, 0.0, 0.5, 0.0, 0.0, 0.5, 0.5, 0.0, 0.5, 0.0, 0.5, 0.5, 1.0, 0.5, 0.0, 0.0, 0.5, 0.5, 0.5, 0.5, 0.5, 0.0, 0.5, 0.0, 0.0, 0.5, 0.5, 0.5, 0.0, 0.5, 0.5, 0.0, 0.5, 0.0, 0.0, 0.5, 0.5, 0.5, 0.5, 0.5, 0.5, 0.5, 0.5, 0.5, 0.0, 0.5, 0.5, 0.5, 0.5, 0.0, 0.5, 0.0, 0.0, 0.5, 0.5, 0.5, 0.0, 1.0, 0.5, 0.5, 0.5, 0.5, 0.5, 0.0, 0.5, 1.0, 0.5, 0.5, 0.5, 0.5, 0.5, 0.0, 0.5, 0.0, 0.0, 0.0, 1.0, 0.5, 0.5, 0.5, 0.5, 0.5, 0.0, 0.5, 0.5, 0.5, 0.0, 0.0, 0.5, 0.0, 0.0, 0.5, 0.0, 0.5, 0.5, 0.5, 0.5, 0.0, 0.5, 0.5, 0.0, 0.5, 0.5, 0.5, 0.5, 1.0, 0.5, 0.0, 0.0, 0.0, 0.5, 0.0, 1.0, 0.0, 0.5, 1.0, 0.5, 0.5, 0.0, 0.5, 0.5, 0.5, 1.0, 0.5, 0.0, 0.5, 0.5, 0.5, 0.0, 0.5, 0.5, 0.0, 1.0, 1.0, 0.5, 0.5, 0.5, 0.5, 0.5, 0.5, 0.0, 0.5, 0.0, 0.5, 0.5, 0.0, 0.5, 0.5];
results(:,2) = [1.0, 0.5, 1.0, 0.5, 0.5, 0.5, 0.5, 1.0, 1.0, 0.5, 0.5, 0.5, 1.0, 0.5, 1.0, 0.5, 0.5, 1.0, 0.5, 0.5, 0.5, 1.0, 0.5, 1.0, 1.0, 0.5, 1.0, 0.5, 1.0, 0.5, 0.5, 1.0, 0.5, 1.0, 0.5, 0.5, 0.0, 0.5, 1.0, 0.5, 1.0, 0.0, 1.0, 0.5, 1.0, 1.0, 0.5, 0.5, 1.0, 1.0, 0.5, 0.5, 1.0, 0.5, 1.0, 1.0, 0.0, 0.5, 0.5, 0.5, 0.5, 0.5, 0.5, 0.5, 1.0, 1.0, 0.5, 1.0, 0.5, 0.0, 0.5, 0.5, 0.5, 0.5, 0.5, 0.5, 0.5, 0.5, 0.5, 0.5, 1.0, 0.5, 1.0, 0.5, 1.0, 0.5, 1.0, 0.5, 1.0, 0.5, 1.0, 1.0, 0.5, 0.0, 0.0, 1.0, 0.5, 0.5, 0.0, 0.5, 0.5, 0.5, 1.0, 0.5, 1.0, 1.0, 0.5, 1.0, 0.5, 0.5, 1.0, 0.5, 0.5, 1.0, 1.0, 0.5, 0.5, 0.5, 0.5, 0.5, 0.5, 0.0, 0.5, 0.0, 0.5, 0.0, 0.5, 0.5, 0.5, 0.5, 0.5, 0.5, 0.5, 0.5, 0.5, 0.5, 0.5, 0.5, 0.5, 0.5, 0.5, 0.5, 1.0, 0.0, 0.5, 0.5, 1.0, 1.0, 1.0, 0.5, 0.5, 0.5, 0.5, 1.0, 0.5, 1.0, 1.0, 0.5, 0.5, 0.5, 0.5, 1.0, 1.0, 0.5, 0.5, 1.0, 1.0, 0.0, 0.5, 0.5, 0.5, 0.0, 1.0, 1.0, 0.5, 0.5, 0.0, 0.5, 1.0, 0.5, 0.5, 0.5, 0.0, 0.5, 1.0, 1.0, 0.5, 0.5, 0.5, 1.0, 1.0, 0.0, 0.5, 0.5, 1.0, 0.5, 0.5, 0.5, 1.0, 0.5, 0.5, 0.5, 1.0, 0.0, 1.0, 0.5, 0.5, 0.5, 1.0, 1.0, 0.5, 1.0, 0.5, 0.5, 0.5, 0.5, 0.0, 0.5, 1.0, 1.0, 0.5, 0.5, 0.5, 1.0, 0.5, 0.5, 0.5, 0.5, 0.5, 0.0, 0.5, 0.5, 0.5, 0.5, 0.5, 1.0, 0.5, 0.5, 1.0, 0.5, 0.5, 0.5, 0.5, 0.5, 1.0, 1.0, 1.0, 0.5, 0.5, 1.0, 1.0, 1.0, 1.0, 0.5, 1.0, 0.5, 0.5, 0.0, 0.5, 0.5, 0.5, 0.0, 0.5, 0.5, 0.5, 0.5, 0.5, 0.0, 0.5, 0.0, 0.5, 0.5, 0.0, 0.5, 0.0, 0.5, 0.5, 0.5, 0.0, 0.5, 0.5, 0.0, 0.5, 0.5, 0.5, 0.0, 0.5, 0.5, 0.5, 0.0, 0.5, 0.0, 0.5, 0.5, 0.5, 0.0, 0.0, 0.0, 0.0, 0.5, 0.5, 0.0, 0.5, 0.5, 0.0, 0.5, 0.0, 0.0, 0.5, 0.5, 0.0, 0.0, 0.5, 0.5, 0.5, 0.5, 0.5, 0.5, 0.0, 0.5, 0.5, 0.0, 0.0, 1.0, 0.0, 0.0, 0.0, 0.5, 0.5, 0.5, 1.0, 0.0, 0.5, 0.5, 0.0, 0.5, 0.5, 0.5, 0.5, 0.5, 0.0, 0.5, 0.0, 0.0, 0.5, 0.5, 0.0, 0.5, 0.0, 0.0, 0.5, 0.0, 1.0, 0.5, 0.5, 0.0, 0.5, 0.5, 0.0, 0.5, 1.0, 0.5, 0.0, 0.5, 0.5, 0.5, 1.0, 0.5, 0.0, 0.5, 0.5, 0.5, 0.5, 0.0, 0.0, 0.5, 0.0, 0.5, 0.0, 0.5, 0.0, 0.0, 0.0, 0.0, 0.5, 0.5, 1.0, 0.0, 0.0, 0.0, 1.0, 0.0, 0.5, 0.0, 0.0, 0.5, 0.5, 0.0, 0.5, 0.5, 0.5, 0.5, 0.5, 0.5, 0.5, 0.5, 0.5, 0.0, 0.5, 0.5, 0.5, 0.0, 0.5, 0.5, 0.5, 1.0, 1.0, 0.5, 0.0, 0.5, 0.5, 0.5, 0.0, 0.5, 0.5, 0.5, 0.5, 0.5, 0.0, 0.5, 0.5, 0.5, 0.5, 0.5, 0.5, 0.5, 0.5, 0.5, 0.5, 0.5, 0.5, 0.5, 0.5, 0.5, 1.0, 0.5, 0.5, 0.5, 0.0, 0.0, 0.5, 0.0, 0.0, 0.0, 0.5, 0.5, 0.0, 0.5, 0.0, 0.5, 0.0, 0.5, 0.0, 0.5, 0.5, 0.5, 0.5, 0.5, 0.5, 0.0, 1.0, 0.5, 0.5, 0.5, 0.0, 0.0, 0.5, 0.5, 0.5, 0.5, 1.0, 0.5, 0.5, 0.5, 0.5, 0.5, 0.0, 0.5, 0.5, 0.5, 0.0, 0.5, 0.5, 0.5, 0.0, 0.5, 0.0, 0.0, 0.0, 0.5, 0.5, 0.5, 0.5, 0.0, 0.5, 0.0, 0.5, 1.0, 1.0, 1.0, 0.5, 0.0];
results(:,3) = [1.0, 0.5, 1.0, 1.0, 0.5, 0.0, 0.5, 1.0, 0.5, 0.5, 0.5, 0.5, 1.0, 0.5, 1.0, 0.5, 0.5, 1.0, 1.0, 0.5, 1.0, 0.0, 0.5, 1.0, 0.5, 0.5, 1.0, 0.5, 0.0, 0.5, 1.0, 1.0, 0.5, 0.5, 0.5, 0.5, 0.5, 0.5, 1.0, 0.0, 1.0, 0.5, 0.5, 1.0, 0.5, 0.5, 1.0, 0.5, 0.5, 0.5, 0.5, 0.5, 0.5, 0.5, 0.5, 0.5, 1.0, 1.0, 1.0, 0.5, 0.5, 0.5, 0.5, 0.5, 0.5, 0.5, 1.0, 0.5, 0.5, 1.0, 0.5, 1.0, 0.5, 0.5, 0.5, 1.0, 1.0, 0.5, 0.5, 0.5, 0.5, 0.0, 1.0, 0.5, 1.0, 0.5, 0.5, 0.5, 1.0, 1.0, 0.5, 1.0, 1.0, 0.5, 0.5, 0.5, 1.0, 0.5, 0.5, 0.5, 0.5, 0.5, 0.5, 0.5, 1.0, 0.5, 0.5, 1.0, 0.5, 1.0, 0.5, 0.5, 0.5, 0.5, 0.5, 0.5, 1.0, 0.5, 0.5, 0.5, 0.5, 0.5, 1.0, 1.0, 0.5, 1.0, 0.5, 0.0, 0.5, 1.0, 0.5, 1.0, 0.5, 0.5, 0.5, 1.0, 1.0, 0.5, 0.5, 0.5, 0.5, 0.5, 1.0, 1.0, 0.5, 0.5, 1.0, 0.0, 1.0, 0.5, 0.5, 0.5, 1.0, 0.5, 1.0, 0.5, 1.0, 0.5, 1.0, 1.0, 0.5, 0.5, 0.5, 0.0, 1.0, 0.5, 0.5, 0.5, 0.5, 1.0, 1.0, 0.5, 0.5, 0.5, 0.5, 0.5, 1.0, 0.0, 1.0, 1.0, 0.5, 0.5, 1.0, 0.5, 0.5, 0.5, 1.0, 0.5, 0.5, 0.5, 0.5, 1.0, 0.5, 0.5, 1.0, 0.5, 1.0, 0.5, 1.0, 1.0, 0.5, 0.5, 0.5, 1.0, 0.5, 0.5, 0.5, 0.5, 1.0, 0.5, 0.5, 0.5, 0.5, 0.5, 0.0, 1.0, 1.0, 0.5, 1.0, 0.5, 0.5, 0.5, 1.0, 0.5, 0.5, 1.0, 0.5, 0.5, 1.0, 0.5, 0.5, 0.5, 0.5, 1.0, 0.5, 0.5, 1.0, 0.5, 0.5, 0.5, 0.5, 0.5, 1.0, 0.5, 1.0, 0.5, 0.5, 0.5, 0.5, 0.5, 0.5, 0.5, 0.5, 1.0, 1.0, 0.5, 0.5, 0.5, 0.5, 0.5, 0.0, 0.5, 0.5, 0.5, 0.5, 0.5, 0.0, 0.0, 0.5, 0.0, 0.0, 0.5, 0.5, 0.0, 0.5, 0.0, 0.5, 0.0, 0.5, 0.5, 0.5, 0.0, 1.0, 0.5, 0.5, 0.5, 0.5, 0.5, 0.5, 0.5, 0.5, 0.5, 1.0, 0.0, 0.0, 0.5, 0.5, 0.0, 0.5, 0.5, 0.5, 0.5, 0.5, 0.5, 0.0, 0.0, 1.0, 0.0, 1.0, 0.5, 0.5, 0.5, 0.5, 0.5, 0.5, 0.5, 0.5, 0.5, 0.5, 0.5, 0.0, 0.5, 0.5, 0.5, 0.5, 0.5, 0.5, 0.0, 1.0, 0.5, 0.5, 0.5, 1.0, 0.5, 0.5, 1.0, 0.5, 0.0, 0.5, 0.0, 0.5, 0.0, 0.5, 0.5, 0.0, 0.5, 0.5, 0.5, 0.0, 0.5, 0.5, 0.0, 0.5, 0.0, 0.5, 0.5, 0.5, 0.0, 0.5, 0.0, 0.5, 0.5, 0.5, 0.5, 0.5, 0.5, 1.0, 0.0, 0.5, 0.5, 0.5, 0.5, 1.0, 0.5, 0.5, 0.5, 0.5, 0.0, 0.5, 0.5, 0.5, 0.5, 0.0, 0.5, 0.0, 0.5, 0.0, 0.5, 0.5, 0.0, 0.5, 0.0, 0.5, 0.0, 1.0, 0.5, 0.5, 0.5, 0.5, 0.5, 0.5, 0.5, 0.5, 0.5, 0.5, 0.5, 0.0, 0.5, 0.0, 0.5, 0.5, 0.5, 0.5, 0.5, 0.5, 0.0, 0.5, 0.0, 0.5, 1.0, 0.0, 0.5, 0.5, 0.5, 0.5, 0.0, 0.5, 0.5, 0.0, 0.5, 0.5, 0.0, 0.5, 0.5, 0.5, 0.5, 0.5, 0.5, 0.0, 0.5, 1.0, 0.0, 0.5, 0.0, 0.5, 0.5, 0.5, 1.0, 0.0, 0.0, 0.5, 0.5, 0.5, 0.5, 0.0, 0.5, 0.5, 0.5, 1.0, 0.5, 0.0, 0.5, 0.5, 0.0, 0.0, 0.5, 0.0, 0.5, 1.0, 0.0, 0.5, 0.5, 0.5, 0.5, 0.0, 0.5, 0.0, 1.0, 0.5, 0.0, 0.5, 0.5, 0.0, 0.0, 0.5, 1.0, 0.5, 0.5, 1.0, 0.5, 1.0, 0.5, 0.5, 0.5, 0.5, 0.5, 0.5, 1.0, 0.5, 0.0, 0.5, 0.5, 0.5, 0.5, 0.5, 0.5, 0.0, 0.5, 0.5, 0.5, 0.0, 0.5];
