%% Good update all
x1 = [5,10,15,20,25,30,35,40,45,50,100,150,200,250,300,350,400,450,500,550,600,650,700,750,800,850,900,950,1000,1050,1100,1150,1200,1300,1400,1500,1600]
y1 = [0.5055,0.522125,0.545,0.62875,0.687875,0.7445,0.7825,0.829875,0.84525,0.882,0.948,0.9575,0.9485,0.9235,0.886,0.855,0.815,0.767,0.73,0.703,0.659,0.6485,0.624,0.615,0.5925,0.58,0.5795,0.5705,0.5515,0.548,0.5425,0.539,0.531,0.5275,0.52,0.514,0.515]

%% Evil update all
x2 = [5,10,15,20,25,30,35,40,45,50,100,150,200,250,300,350,400,450,500,550,600,650,700,750,800,850,900,950,1000,1050,1100,1150,1200,1300,1400,1500,1600]
y2 = [0.49475,0.509875,0.535,0.625625,0.69325,0.742125,0.771375,0.809375,0.831125,0.8335,0.9,0.8715,0.786,0.676,0.601,0.533,0.4665,0.4065,0.367,0.3365,0.2875,0.2735,0.2325,0.2355,0.234,0.22,0.2195,0.1895,0.202,0.2,0.1935,0.1665,0.177,0.1905,0.169,0.1805,0.179]

%% Update path
x3 = [50,100,150,200,250,300,350,400,450,500,550,600,650,700,750,800,850,900,950,1000,1050,1100,1150,1200,1250,1300,1350,1400,1450,1500,1550,1600,1650,1700,1750,1800,1850,1900,1950,2000,2050,2100,2150,2200,2250,2300,2350,2400,2450,2500]
y3 = [0.507,0.4905,0.49,0.491,0.4805,0.495,0.508,0.5125,0.496,0.4815,0.487,0.4595,0.4675,0.4725,0.479,0.4695,0.48,0.4815,0.4645,0.47,0.4795,0.474,0.4835,0.4845,0.4845,0.4755,0.484,0.4835,0.479,0.4785,0.4755,0.483,0.4815,0.4805,0.48,0.477,0.492,0.48,0.4745,0.471,0.482,0.4765,0.4785,0.4885,0.4825,0.48,0.4825,0.4855,0.4835,0.487]
