x_data = [1100,1200,1300,1400,1500,1600,1700,1800,1900,2000,2100,2200,2300,2400,2500,2600,2700,2800,2900,3000,3500,4000,4500,5000,5500,6000,6500,7000,7500,8000,8500,9000,9500,10000,11000,12000,13000,14000,15000,16000,17000,18000,19000,20000,21000,22000,23000,24000,25000]
y_data = [0.5192057291666666,0.51708984375,0.5126953125,0.518798828125,0.5139973958333334,0.5182291666666666,0.5131022135416666,0.515625,0.5161946614583334,0.5223795572916666,0.5213216145833334,0.5228678385416666,0.5252278645833334,0.512939453125,0.5318196614583334,0.5224609375,0.5211588541666666,0.5209147135416666,0.5166829427083334,0.526123046875,0.5139973958333334,0.5277506510416666,0.509521484375,0.523681640625,0.511474609375,0.5181477864583334,0.5196533203125,0.5152587890625,0.52734375,0.525390625,0.51220703125,0.51318359375,0.525634765625,0.5272216796875,0.5265299479166666,0.5322265625,0.5309244791666666,0.5582682291666666,0.5485026041666666,0.5286458333333334,0.5517578125,0.5641276041666666,0.5485026041666666,0.5520833333333334,0.5361328125,0.5426432291666666,0.5296223958333334,0.5465494791666666,0.5345052083333334]
