x_data = [5,10,15,20,25,30,35,40,45,50,100,150,200,250,300,350,400,450,500,550,600,650,700,750,800,850,900,950,1000,1050,1100,1150,1200,1300,1400,1500,1600]
y_data = [0.49475,0.509875,0.535,0.625625,0.69325,0.742125,0.771375,0.809375,0.831125,0.8335,0.9,0.8715,0.786,0.676,0.601,0.533,0.4665,0.4065,0.367,0.3365,0.2875,0.2735,0.2325,0.2355,0.234,0.22,0.2195,0.1895,0.202,0.2,0.1935,0.1665,0.177,0.1905,0.169,0.1805,0.179]
