x_data = [50,100,150,200,250,300,350,400,450,500,550,600,650,700,750,800,850,900,950,1000,1050,1100,1150,1200,1300,1400,1500,1600,1700,1800,1900,2000,2100,2200,2300,2400,2500];
y_data = [0.6535,0.7595,0.7875,0.8015,0.777,0.7875,0.746,0.704,0.705,0.65,0.6335,0.612,0.583,0.575,0.565,0.547,0.536,0.535,0.5175,0.516,0.5135,0.494,0.4775,0.491,0.482,0.471,0.4775,0.4565,0.4645,0.4655,0.4615,0.4635,0.455,0.4565,0.45,0.4405,0.442];
