x_data = [50,100,150,200,250,300,350,400,450,500,550,600,650,700,750,800,850,900,950,1000,1050,1100,1150,1200,1250,1300,1350,1400,1450,1500,1550,1600,1650,1700,1750,1800,1850,1900,1950,2000,2050,2100,2150,2200,2250,2300,2350,2400,2450,2500]
y_data = [0.507,0.4905,0.49,0.491,0.4805,0.495,0.508,0.5125,0.496,0.4815,0.487,0.4595,0.4675,0.4725,0.479,0.4695,0.48,0.4815,0.4645,0.47,0.4795,0.474,0.4835,0.4845,0.4845,0.4755,0.484,0.4835,0.479,0.4785,0.4755,0.483,0.4815,0.4805,0.48,0.477,0.492,0.48,0.4745,0.471,0.482,0.4765,0.4785,0.4885,0.4825,0.48,0.4825,0.4855,0.4835,0.487]
