x_data = [50,100,150,200,250,300,350,400,450,500,550,600,650,700,750,800,850,900,950,1000,1050,1100,1150,1200,1300,1400,1500,1600]
y_data = [0.882,0.948,0.9575,0.9485,0.9235,0.886,0.855,0.815,0.767,0.73,0.703,0.659,0.6485,0.624,0.615,0.5925,0.58,0.5795,0.5705,0.5515,0.548,0.5425,0.539,0.531,0.5275,0.52,0.514,0.515]
