results(:,1) = [0.5, 1.0, 0.5, 1.0, 1.0, 1.0, 1.0, 1.0, 0.5, 1.0, 1.0, 1.0, 1.0, 0.5, 1.0, 0.5, 1.0, 0.5, 1.0, 0.5, 1.0, 0.5, 1.0, 1.0, 1.0, 1.0, 1.0, 1.0, 0.5, 0.5, 0.5, 1.0, 0.5, 0.5, 0.5, 0.5, 1.0, 0.5, 0.5, 1.0, 1.0, 1.0, 0.5, 0.5, 1.0, 0.5, 1.0, 1.0, 1.0, 0.5, 0.5, 1.0, 0.5, 1.0, 1.0, 1.0, 1.0, 1.0, 0.5, 1.0, 0.5, 1.0, 1.0, 0.5, 0.5, 0.5, 1.0, 1.0, 1.0, 1.0, 1.0, 1.0, 0.5, 1.0, 1.0, 1.0, 1.0, 0.5, 0.5, 0.0, 1.0, 1.0, 0.5, 1.0, 1.0, 1.0, 0.5, 1.0, 1.0, 1.0, 1.0, 1.0, 1.0, 1.0, 1.0, 0.5, 1.0, 0.5, 1.0, 0.5, 0.5, 0.5, 1.0, 0.5, 0.5, 1.0, 0.5, 1.0, 1.0, 1.0, 1.0, 1.0, 0.5, 1.0, 1.0, 0.5, 0.5, 1.0, 1.0, 1.0, 0.5, 0.5, 1.0, 1.0, 1.0, 0.5, 1.0, 1.0, 1.0, 1.0, 1.0, 1.0, 0.5, 1.0, 1.0, 0.5, 1.0, 1.0, 1.0, 1.0, 1.0, 1.0, 1.0, 0.5, 1.0, 1.0, 0.5, 1.0, 0.5, 1.0, 0.5, 1.0, 1.0, 1.0, 0.5, 0.5, 0.5, 1.0, 0.5, 1.0, 1.0, 1.0, 1.0, 1.0, 0.0, 1.0, 1.0, 1.0, 1.0, 0.5, 1.0, 1.0, 1.0, 1.0, 0.5, 1.0, 1.0, 1.0, 1.0, 1.0, 1.0, 1.0, 0.5, 0.5, 0.5, 0.5, 1.0, 0.5, 1.0, 0.5, 1.0, 1.0, 1.0, 0.5, 1.0, 1.0, 1.0, 1.0, 1.0, 1.0];
results(:,2) = [0.5, 0.5, 0.5, 0.5, 1.0, 0.5, 1.0, 1.0, 1.0, 0.5, 1.0, 0.5, 0.5, 0.5, 0.5, 0.5, 1.0, 1.0, 1.0, 1.0, 1.0, 0.5, 0.5, 1.0, 1.0, 1.0, 1.0, 0.5, 0.5, 0.5, 1.0, 1.0, 0.5, 1.0, 1.0, 1.0, 1.0, 0.5, 1.0, 1.0, 1.0, 1.0, 1.0, 0.5, 0.5, 0.5, 0.5, 0.5, 0.5, 1.0, 1.0, 0.5, 1.0, 1.0, 0.5, 0.5, 0.5, 0.5, 1.0, 0.5, 1.0, 1.0, 0.5, 1.0, 0.5, 0.5, 0.0, 0.5, 1.0, 0.5, 0.5, 0.5, 0.5, 0.5, 1.0, 0.5, 1.0, 0.5, 1.0, 0.5, 0.5, 0.5, 1.0, 1.0, 1.0, 1.0, 1.0, 0.5, 1.0, 0.5, 0.5, 0.5, 1.0, 1.0, 0.5, 1.0, 1.0, 0.5, 1.0, 1.0, 0.5, 1.0, 0.5, 0.5, 0.0, 1.0, 0.5, 1.0, 0.5, 0.5, 0.5, 1.0, 0.5, 0.5, 0.5, 1.0, 0.5, 0.5, 0.5, 1.0, 1.0, 0.5, 0.5, 1.0, 0.5, 0.5, 0.5, 1.0, 1.0, 0.5, 0.5, 0.5, 1.0, 0.5, 1.0, 0.5, 0.5, 1.0, 0.5, 1.0, 0.5, 0.5, 0.5, 1.0, 1.0, 1.0, 0.5, 1.0, 0.5, 1.0, 0.5, 0.5, 1.0, 1.0, 0.5, 1.0, 1.0, 1.0, 0.5, 0.5, 1.0, 0.5, 0.5, 1.0, 1.0, 0.5, 0.5, 1.0, 0.5, 0.5, 1.0, 0.5, 1.0, 1.0, 0.5, 0.5, 1.0, 0.5, 0.5, 0.5, 0.5, 0.5, 1.0, 0.5, 0.5, 1.0, 1.0, 1.0, 1.0, 0.5, 0.5, 0.5, 1.0, 0.5, 1.0, 1.0, 1.0, 1.0, 0.5, 1.0];
results(:,3) = [0.5, 0.5, 1.0, 0.5, 1.0, 0.5, 1.0, 0.5, 1.0, 1.0, 1.0, 0.5, 0.5, 1.0, 0.5, 1.0, 0.5, 0.5, 0.5, 1.0, 0.5, 0.5, 0.5, 1.0, 0.5, 1.0, 0.5, 0.5, 1.0, 0.5, 0.5, 0.5, 0.5, 1.0, 1.0, 0.5, 0.5, 0.5, 0.5, 0.5, 0.5, 1.0, 1.0, 1.0, 1.0, 0.5, 1.0, 1.0, 0.5, 0.5, 0.5, 1.0, 0.5, 1.0, 0.5, 1.0, 1.0, 0.5, 1.0, 1.0, 0.5, 1.0, 0.5, 1.0, 0.5, 0.5, 1.0, 1.0, 1.0, 1.0, 0.5, 0.5, 1.0, 0.5, 1.0, 0.5, 0.5, 0.5, 0.5, 0.5, 0.5, 1.0, 0.5, 0.5, 0.5, 0.5, 1.0, 0.5, 0.5, 0.5, 0.5, 1.0, 1.0, 0.5, 0.5, 1.0, 0.5, 0.5, 1.0, 1.0, 1.0, 1.0, 0.5, 0.5, 0.5, 0.5, 0.5, 0.5, 1.0, 0.5, 0.5, 0.5, 0.5, 1.0, 0.5, 0.5, 1.0, 1.0, 1.0, 0.5, 0.5, 0.5, 0.5, 1.0, 1.0, 0.5, 1.0, 0.5, 0.5, 0.5, 0.5, 0.5, 0.5, 0.5, 1.0, 0.5, 1.0, 0.5, 0.5, 1.0, 1.0, 0.5, 1.0, 0.5, 1.0, 0.5, 0.5, 1.0, 0.5, 0.5, 0.5, 0.5, 0.5, 0.5, 0.5, 1.0, 0.5, 0.5, 0.0, 0.5, 0.5, 1.0, 1.0, 0.5, 0.5, 1.0, 0.5, 0.5, 1.0, 1.0, 0.5, 1.0, 0.5, 0.5, 0.5, 0.5, 0.5, 0.5, 1.0, 0.5, 0.5, 0.5, 1.0, 0.5, 1.0, 1.0, 0.5, 1.0, 1.0, 0.5, 1.0, 0.5, 1.0, 0.5, 0.5, 0.5, 0.5, 1.0, 1.0, 0.5];
